0.75,0.75,3.495,6.99,3.0,3.75
0.0,4.49,0.5,0.0,-1.5708,0.0,2.0,2.0,2.0,194,Part
0.0,3.99,-0.75,0.0,-1.5708,0.0,0.5,1.0,1.0,1337,Part
0.0,4.99,1.75,0.0,-1.5708,0.0,0.5,1.0,1.0,1337,Part
0.0,3.74,-2.25,0.0,-1.5708,0.0,2.5,2.0,3.0,194,Part
0.0,4.99,3.0,0.0,-1.5708,0.0,2.0,2.0,2.0,194,Part
0.75,6.99,3.75,0.0,-1.5708,0.0,0.5,2.0,0.5,1337,Part
-0.75,6.99,3.75,0.0,-1.5708,0.0,0.5,2.0,0.5,1337,Part
0.0,2.365,2.75,0.0,-1.5708,0.0,2.5,3.25,1.75,194,Part
0.0,2.115,0.25,0.0,-1.5708,0.0,2.5,2.75,1.75,194,Part
0.0,1.74,-1.875,0.0,-1.5708,0.0,1.75,2.0,1.75,194,Part
