5.0,5.0,11.995,23.99,16.5,33.0
-3.5,21.99,20.5,0.0,-1.5708,0.0,11.0,2.0,1.0,194,Part
0.0,21.99,21.75,0.0,-1.5708,0.0,0.5,1.0,1.0,1337,Part
3.5,21.99,20.5,0.0,-1.5708,0.0,11.0,2.0,1.0,194,Part
0.0,21.99,25.5,0.0,0.0,0.0,6.0,2.0,1.0,194,Part
0.0,19.99,20.5,0.0,-1.5708,0.0,11.0,2.0,8.0,194,Part
0.0,21.99,15.5,0.0,0.0,0.0,6.0,2.0,1.0,194,Part
0.0,13.99,20.5,0.0,-1.5708,0.0,19.0,10.0,14.0,194,Part
-5.0,6.09,13.0,0.0,-1.5708,0.0,3.0,6.0,3.0,194,Part
-5.0,5.99,28.0,0.0,-1.5708,0.0,3.0,6.0,3.0,194,Part
-5.0,1.59,13.0,0.0,-1.5708,0.0,4.0,3.0,4.0,194,Part
5.0,6.09,13.0,0.0,-1.5708,0.0,3.0,6.0,3.0,194,Part
-5.0,1.49,28.0,0.0,-1.5708,0.0,4.0,3.0,4.0,194,Part
5.0,5.99,28.0,0.0,-1.5708,0.0,3.0,6.0,3.0,194,Part
5.0,1.59,13.0,0.0,-1.5708,0.0,4.0,3.0,4.0,194,Part
5.0,1.49,28.0,0.0,-1.5708,0.0,4.0,3.0,4.0,194,Part
0.0,19.99,33.0,0.0,-1.5708,0.0,6.0,6.0,6.0,194,Part
-0.75,23.99,23.75,0.0,-1.5708,0.0,0.5,2.0,0.5,1337,Part
0.0,21.99,17.75,0.0,-1.5708,0.0,2.5,2.0,3.0,194,Part
0.0,21.99,23.0,0.0,-1.5708,0.0,2.0,2.0,2.0,194,Part
0.0,21.99,20.5,0.0,-1.5708,0.0,2.0,2.0,2.0,194,Part
0.75,23.99,23.75,0.0,-1.5708,0.0,0.5,2.0,0.5,1337,Part
0.0,21.99,19.25,0.0,-1.5708,0.0,0.5,1.0,1.0,1337,Part
