0.75,0.75,4.495,8.99,4.4375,4.0
0.0,5.99,-1.75,0.0,-1.5708,0.0,0.5,1.0,1.0,1337,Other
0.0,5.74,-3.25,0.0,-1.5708,0.0,2.5,2.0,3.0,194,Part
0.0,4.34,-4.875,0.0,-1.5708,0.0,1.75,1.2,0.75,1337,Other
0.0,6.49,-0.5,0.0,-1.5708,0.0,2.0,2.0,2.0,194,Part
0.0,6.99,0.75,0.0,-1.5708,0.0,0.5,1.0,1.0,1337,Other
0.0,4.115,-0.75,0.0,-1.5708,0.0,2.5,2.75,1.75,1337,Other
0.0,3.74,-2.875,0.0,-1.5708,0.0,1.75,2.0,1.75,194,Part
0.0,4.365,1.75,0.0,-1.5708,0.0,2.5,3.25,1.75,194,Part
-0.5,1.74,-3.375,0.0,-1.5708,0.0,0.75,2.0,0.75,194,Part
0.5,1.74,-3.375,0.0,-1.5708,0.0,0.75,2.0,0.75,194,Part
0.5,1.74,2.625,0.0,-1.5708,0.0,0.75,2.0,0.75,194,Part
-0.5,1.74,2.625,0.0,-1.5708,0.0,0.75,2.0,0.75,194,Part
0.0,6.99,2.0,0.0,-1.5708,0.0,2.0,2.0,2.0,194,Part
-0.75,8.99,2.75,0.0,-1.5708,0.0,0.5,2.0,0.5,1337,Other
0.75,8.99,2.75,0.0,-1.5708,0.0,0.5,2.0,0.5,1337,Other
0.0,5.49,4.0,0.0,-1.5708,0.0,2.0,2.0,2.0,194,Part
